  1320; 2; 10; 62;     195590; 5929; 10; 843; 9;   119210; 93; ; 1 12; 8; 1  12882; 1122; 11   1108292; 1111 00225; 7; 2; 10;  11710; ; 2; 12; 84; 5; 4267; 9; 1   1929;  121; 99;  1  2244; 25; 92882; 

9; ; 968462; 13; 41; 4; 79; 8; 34; 51713; 7352; 565; 22; 228; 5; 12634; 4; 857; 1; 3115; 6; 7; 67197; 8587; 6; 5; 1911; 58; 85; 4391; 44294; 9116; 67; 5; 3; 786; 3; 58; 

10; 8; 628; 9755; 10; 2; 22; 17; 28; 287778; 8828; 8558; 7; 3; 6; 7557822; 10; 674; 95852; 8688; 855; 2; 10; 8; 5855555; 5518; 8224; 8; 5558; 57; 888888; 88; 855; 22444553; 7768; 77; 55; 

272324; 544; 11455; 1; 5; 7; 235; 4; 64; 33; 7; 7677; 123283; 46; 64; 2; 2; 18; 453; 464; 2; 532; 83; 8344; 3; 76; 316; 2; 212; ; 5; 863; 6421; 5; 6; 6; 72; 1; 4; 

  1 1901; 1; 5; 45;      1921251; 10; 3; 4; 55; 595; 99469; 1  012; 1  11560; 84; 156; 3595; 9; 2; 10;   115511; 19; 56;  151; 265; 691; 92395; 6; 61; 11   11155;  1  9158;  1 818; 95;  131; 8; 1110; 9; 

15; 19; 6; 8; 1; 99; ; ; ; ; 733; 1; ; 12; 3; 2; 83; ;   1 3308; ; ; 8; ; 3; 3; 8; ; ; ; 3; 5; ; 2; ; ; ; ; 

7;   1240; 1 05; 8; 1 1 0105;      1925440; 52244; 7;  130; 49788; 71; 42;  1  1059; 51; 9696; 8; 121; 22; 5; 19; 14; ; 81; 8; 1; 6; 223; 4; 95; 9; 555; 1; 52; 89; 9; 926; 7551; 

; ; ; 2; 2; 54; 44444; 45444414; 44; 44; 8; ; 22; 8177; 7; 46; 3282; ; 444; 8; 27; 1; 72; 444444; ; ; 82; 444544444; 6; 8; 88; 78871871278; 12; ; ; 7; 1; 212; 44; 

 191; 99; 9; 5; 55; 11 008; 11 10060; 5; 5;    1 45917; 755;  1   31555; 6; 53; 4; 37; 5; 11 1100800; 56; 688; 222; 11; 111000; 65; 45; 69564; 222; 5; 4594; 7; 955; 5549; 57; 2222; 2; 22222; 

3; 16; 5515; 81; 5; 3546; 14; 1286; 86; 6182; 2813; 18; 16; 555; 28236; 4; 85; 65615; 5; 41; 8882; 8; 4; 53; 1213; 8624; ; 6; 1; 81141; 121; ; 3; 66; 62381; 8; 2; 22; 8; 

843;  170; 433; 443; 6; 94; 36; 77763; 5; 8; 4; 2; 63; 63; 7; 411444;    12710; 44; 19; 7; 8; 33578; 879;  130;  150;  1 101; 9; 4173; 9; 99391; 3; 1; 4; 8; 49; 969; 33; 

9; 42; 5; 885544; 4;      1  96299028; 4; 7; 74484; 448; 66; 66666; 474; 294; 888; 548884; 8; 447;  140; 2; 2; 5; 788257; ; 5745; 5; 11 009; 9; 7; 77; 7; 27525; 549; ; 9585; 485;  11700; 

2; 6; 7; 2; 8181; ; 2; 3; 9; 2; 3; 665112; 81; 55287; 542; 88; 5; 321527; 722725; 7128; 636; 2672; 2; 88; 6328; 9999; 66; 58; 33; 6557; 49764; 36; 39; ; 2273; ; ; 22; 

999; 2; 3338; 3; 33; 8333; 87; 2; 83; 55; 338; 3; 2253; 2; 83388; 888; 3; 3; 283; 88; 88888; 8833; 383; 3383; 33; 3; 3; 338; 8; 8; 8; 338; 33; 9; 49; 999949; 338338; 

1 06; 32;  180; 111000; 74; ; 92; ; 3;   1 8408; 8; 3; 9323; 33; 10; 333352; 8;    1 92912;   1 8808; 1 08; 4; 11 008;  160;   1780;   11188000; 111000; 78;  1    915533; 1 08; 48;   1 134030; 48; 8; 33; 33; 10; 

2287; 8; 545; 655; 44; 4; 4; 6555; 75; 5; 76; 7; 55457; 4828; 575858; 8; 54665; 63773; 867; 5; 6; 58; 7764; 6; 67; 55; 2; 67; 44674; 26682; 7; 45; 6; 7; 6; ; ; 248; 574; 

7; 727; 53; 6525; 772222; 77; ; ; 7; 6; 271; 62; 7222; 3; ; 623; 5; 27; 2; 245572; ; 24372; 277; 6; 22122; 45; 1; 42; 265; 582; 28522611; 22; 21222; 2722; 752; ; 21; 22; 4; 

2; 883; 3; 22; ; 888; 24; 5; 44; 888; 8888; 2242; 88; 5; 44227; 44222; 452; 2; 8; 8; 24; 2; 38; 222; 8838; 3; 83; 42; 288; 1; 8; 8; 3; 24427; 888; 22; 8; 3388; 4; 

843848; 8125; 8; 8; 3; 28; 184; 10;   1440; 323; 1100; 22; 28;  1 704; 34252; 81; 4; 4; 1; 82; 8323; 83; 6; 87; 6; 448445; 888; 88824; 1; 218; 5; 32;   1 2408; 52; 221; 8531; 3818; 

912; 21;   111   21000331; 398; 4; 2; 23;    1    92109339; 512; 1554; 8; 3; 9; 79228; 124; 2451; 4; 122; 10; 10;  180;         1191999990; 94532;  1       509999959; 311; 7; 9599; 72268; 9221222; 3212; 6; 1   0971; 2999; 4298; ; 99; 2; 

